\PeriodogramType="Lomb-Scargle"
\PeriodRangeMin="0.132431"
\PeriodRangeMax="195.808378"
\PeriodStepMethod="FixedDf"
\FixedStepSize="0.0083014"
\PhaseSmoothingBoxSize="0.060000"
\NumberOfPeaksToReturn="50"
\PeakSignificanceThreshold="1.000000"
\StatNumberOfSamples="910"
\TimeColumn="mjd"
\DataColumn="w1mpro_ep"
\ConstraintColumn="none"
\InputFile="2764p772_ac51-010204.tbl"
\X_AXIS = "PERIOD"
\X_AXIS_UNCERTAINTY = ""
\Y_AXIS = "POWER"
\Y_AXIS_UNCERTAINTY = ""
|PERIOD              | POWER               |
|double              | double              |
 0.1324310000         0.0684169956        
 0.1325767504         0.4521464107        
 0.1327228219         0.3801475189        
 0.1328692157         0.0753615834        
 0.1330159328         0.3060549784        
 0.1331629742         0.0161032205        
 0.1333103411         0.3820658284        
 0.1334580346         0.2925654149        
 0.1336060556         0.1693570303        
 0.1337544054         0.2996805761        
 0.1339030850         0.1000100213        
 0.1340520954         0.2844712195        
 0.1342014379         0.1924039037        
 0.1343511136         0.2369956531        
 0.1345011234         0.1939394143        
 0.1346514686         0.2139051298        
 0.1348021504         0.2360094617        
 0.1349531697         0.1480847378        
 0.1351045278         0.3845995597        
 0.1352562258         0.1197301698        
 0.1354082648         0.3500989796        
 0.1355606460         0.3201999043        
 0.1357133706         0.1190714275        
 0.1358664396         0.6395360785        
 0.1360198544         0.0694582402        
 0.1361736160         0.4679021799        
 0.1363277256         0.4219242385        
 0.1364821845         0.0855445648        
 0.1366369937         0.7358057232        
 0.1367921546         0.0825697589        
 0.1369476682         0.4590058978        
 0.1371035358         0.5492926760        
 0.1372597587         0.0391928569        
 0.1374163379         0.7304543214        
 0.1375732748         0.1879788362        
 0.1377305706         0.3632133665        
 0.1378882265         0.7134833208        
 0.1380462437         0.0116431257        
 0.1382046235         0.7355177667        
 0.1383633671         0.3034347651        
 0.1385224759         0.2873418459        
 0.1386819509         0.7622736658        
 0.1388417936         0.0320587715        
 0.1390020052         0.6545473571        
 0.1391625870         0.3462677753        
 0.1393235402         0.2086137232        
 0.1394848661         0.6325998767        
 0.1396465661         0.0785800161        
 0.1398086414         0.4414319839        
 0.1399710934         0.3182585960        
 0.1401339234         0.1099632814        
 0.1402971326         0.4068010317        
 0.1404607224         0.1085914501        
 0.1406246942         0.1911865603        
 0.1407890493         0.2349819056        
 0.1409537890         0.0309204131        
 0.1411189147         0.1783558090        
 0.1412844277         0.0896806387        
 0.1414503294         0.0269336665        
 0.1416166212         0.1119927584        
 0.1417833044         0.0127086853        
 0.1419503805         0.0350690956        
 0.1421178508         0.0502894325        
 0.1422857168         0.0413990157        
 0.1424539797         0.0117921928        
 0.1426226411         0.1146743756        
 0.1427917024         0.0486602724        
 0.1429611649         0.0860275206        
 0.1431310301         0.2402466299        
 0.1433012995         0.0333370273        
 0.1434719745         0.3479341188        
 0.1436430565         0.2319802463        
 0.1438145470         0.2533126260        
 0.1439864475         0.5364249965        
 0.1441587594         0.2273398910        
 0.1443314842         0.6194367443        
 0.1445046234         0.5170651776        
 0.1446781785         0.4906494826        
 0.1448521510         0.8014765205        
 0.1450265424         0.5366516839        
 0.1452013543         0.7947826832        
 0.1453765880         0.8003611703        
 0.1455522452         0.6542327737        
 0.1457283275         0.9212139408        
 0.1459048362         0.7767645536        
 0.1460817731         0.7788006616        
 0.1462591397         0.9632887700        
 0.1464369374         0.6403272680        
 0.1466151680         0.8721918857        
 0.1467938329         0.7683753524        
 0.1469729338         0.5939491780        
 0.1471524723         0.8865242530        
 0.1473324500         0.4676254934        
 0.1475128684         0.6933546883        
 0.1476937293         0.5327507107        
 0.1478750342         0.3674669962        
 0.1480567848         0.5817012347        
 0.1482389827         0.2460452346        
 0.1484216296         0.4220032847        
 0.1486047271         0.2395882227        
 0.1487882769         0.1888201704        
 0.1489722807         0.2251836336        
 0.1491567402         0.0913175665        
 0.1493416570         0.1449919703        
 0.1495270330         0.0492784392        
 0.1497128697         0.0648485855        
 0.1498991689         0.0175003984        
 0.1500859323         0.0303255821        
 0.1502731617         0.0062062841        
 0.1504608588         0.0148306288        
 0.1506490254         0.0097143536        
 0.1508376632         0.0400983011        
 0.1510267740         0.0096082300        
 0.1512163596         0.0901930439        
 0.1514064218         0.0560400682        
 0.1515969624         0.0667654005        
 0.1517879831         0.1975970105        
 0.1519794858         0.0063425552        
 0.1521714724         0.3163760695        
 0.1523639446         0.0625742081        
 0.1525569044         0.2297480681        
 0.1527503535         0.2877875751        
 0.1529442938         0.0584895177        
 0.1531387272         0.4754015855        
 0.1533336557         0.0270894845        
 0.1535290810         0.4027167360        
 0.1537250050         0.2085088078        
 0.1539214298         0.1932822030        
 0.1541183572         0.4239532242        
 0.1543157891         0.0583028411        
 0.1545137275         0.4586455277        
 0.1547121743         0.0925956704        
 0.1549111316         0.3546482096        
 0.1551106012         0.2411821072        
 0.1553105851         0.2427879516        
 0.1555110855         0.3626424158        
 0.1557121041         0.1838812821        
 0.1559136431         0.4364245209        
 0.1561157045         0.2031958730        
 0.1563182903         0.5203406771        
 0.1565214026         0.2746966191        
 0.1567250434         0.5811533657        
 0.1569292147         0.4255953930        
 0.1571339188         0.5645462964        
 0.1573391575         0.7480181455        
 0.1575449331         0.4805116368        
 0.1577512477         1.1541394549        
 0.1579581033         0.5010015537        
 0.1581655022         1.3491171924        
 0.1583734463         0.8848620418        
 0.1585819380         1.1392468210        
 0.1587909794         1.6341285184        
 0.1590005725         0.8685132283        
 0.1592107197         2.2723076293        
 0.1594214232         1.0754808239        
 0.1596326851         2.1377997872        
 0.1598445076         1.8710016272        
 0.1600568930         1.5263169508        
 0.1602698436         2.8519827992        
 0.1604833616         1.4025485663        
 0.1606974493         3.0554296489        
 0.1609121089         1.9787709374        
 0.1611273427         2.2921163689        
 0.1613431532         2.8842184540        
 0.1615595425         1.7427920742        
 0.1617765130         3.3520298487        
 0.1619940670         2.0004440909        
 0.1622122070         2.7901317673        
 0.1624309353         2.5939855043        
 0.1626502542         1.9658865734        
 0.1628701662         2.9312613674        
 0.1630906737         1.8250498610        
 0.1633117790         2.6109985844        
 0.1635334847         2.1341013763        
 0.1637557932         1.8894437096        
 0.1639787069         2.1995597302        
 0.1642022283         1.4869329614        
 0.1644263599         1.8743453330        
 0.1646511042         1.5482983673        
 0.1648764638         1.3752859675        
 0.1651024411         1.4763323136        
 0.1653290387         1.0354811854        
 0.1655562591         1.1183887954        
 0.1657841049         1.0142491955        
 0.1660125788         0.7227071708        
 0.1662416833         0.9284174982        
 0.1664714209         0.5174111675        
 0.1667017945         0.6461708330        
 0.1669328065         0.5853711288        
 0.1671644597         0.3319799559        
 0.1673967567         0.6317663739        
 0.1676297002         0.1534645888        
 0.1678632930         0.4987245576        
 0.1680975377         0.2306003391        
 0.1683324370         0.2743829466        
 0.1685679937         0.4293380860        
 0.1688042107         0.0762344799        
 0.1690410906         0.5323058476        
 0.1692786362         0.0347115005        
 0.1695168504         0.4444070962        
 0.1697557360         0.2097451682        
 0.1699952958         0.2263200004        
 0.1702355328         0.4886191338        
 0.1704764496         0.0326542816        
 0.1707180494         0.6210781022        
 0.1709603349         0.0486292375        
 0.1712033091         0.4629065062        
 0.1714469749         0.3085305861        
 0.1716913353         0.1547848233        
 0.1719363933         0.5916123333        
 0.1721821518         0.0003125093        
 0.1724286139         0.5774108691        
 0.1726757825         0.1229648828        
 0.1729236608         0.2834645151        
 0.1731722518         0.3813284152        
 0.1734215585         0.0515863676        
 0.1736715841         0.4644203049        
 0.1739223317         0.0427972076        
 0.1741738044         0.3071633573        
 0.1744260053         0.1719374236        
 0.1746789377         0.1484694631        
 0.1749326047         0.2443207351        
 0.1751870095         0.0980976665        
 0.1754421553         0.2239104758        
 0.1756980454         0.0980046561        
 0.1759546831         0.2262837958        
 0.1762120716         0.0827369284        
 0.1764702142         0.2370724286        
 0.1767291143         0.1144168351        
 0.1769887751         0.1678054321        
 0.1772492001         0.2579180539        
 0.1775103926         0.0373912839        
 0.1777723560         0.3724722052        
 0.1780350938         0.0445516878        
 0.1782986093         0.2900117874        
 0.1785629060         0.2567227966        
 0.1788279875         0.0614641612        
 0.1790938572         0.4453664880        
 0.1793605186         0.0269254002        
 0.1796279753         0.3646310676        
 0.1798962308         0.2514745855        
 0.1801652887         0.0814705330        
 0.1804351527         0.4522181191        
 0.1807058263         0.0306884316        
 0.1809773133         0.3574078200        
 0.1812496172         0.2489037923        
 0.1815227417         0.0710789401        
 0.1817966907         0.4207815142        
 0.1820714678         0.0270870814        
 0.1823470767         0.3129921841        
 0.1826235214         0.2321445742        
 0.1829008055         0.0674633840        
 0.1831789329         0.3753316052        
 0.1834579074         0.0227363299        
 0.1837377330         0.3011902120        
 0.1840184135         0.1932268794        
 0.1842999529         0.1245903210        
 0.1845823551         0.3369778922        
 0.1848656240         0.0467607379        
 0.1851497637         0.3639073671        
 0.1854347783         0.1411131785        
 0.1857206716         0.2612222611        
 0.1860074479         0.3097732128        
 0.1862951112         0.1161346457        
 0.1865836656         0.4752789676        
 0.1868731153         0.0927730296        
 0.1871634644         0.4390714459        
 0.1874547172         0.2772267458        
 0.1877468778         0.2153891676        
 0.1880399506         0.5520665040        
 0.1883339398         0.0618640192        
 0.1886288497         0.5689342088        
 0.1889246846         0.2341215752        
 0.1892214490         0.2966108867        
 0.1895191471         0.5460092793        
 0.1898177834         0.0491406617        
 0.1901173624         0.5854491325        
 0.1904178884         0.1856222833        
 0.1907193661         0.3116476764        
 0.1910217999         0.4650304595        
 0.1913251945         0.0459485740        
 0.1916295542         0.4919418534        
 0.1919348839         0.1318225249        
 0.1922411882         0.2550590430        
 0.1925484716         0.3251548950        
 0.1928567390         0.0437829424        
 0.1931659949         0.3205996746        
 0.1934762443         0.0784727749        
 0.1937874920         0.1546451779        
 0.1940997426         0.1608336068        
 0.1944130011         0.0374983052        
 0.1947272724         0.1300652641        
 0.1950425614         0.0391754341        
 0.1953588730         0.0537409893        
 0.1956762123         0.0380484362        
 0.1959945842         0.0261284930        
 0.1963139938         0.0103463160        
 0.1966344462         0.0205695601        
 0.1969559464         0.0084565016        
 0.1972784997         0.0094851436        
 0.1976021113         0.0179997768        
 0.1979267862         0.0318878016        
 0.1982525298         0.0164257969        
 0.1985793475         0.0665655059        
 0.1989072444         0.0735404405        
 0.1992362259         0.0326327271        
 0.1995662975         0.1933347464        
 0.1998974645         0.0141491619        
 0.2002297325         0.2353788767        
 0.2005631069         0.1756840964        
 0.2008975933         0.0919491235        
 0.2012331972         0.4165623131        
 0.2015699242         0.0063979204        
 0.2019077800         0.4615887483        
 0.2022467704         0.2435021117        
 0.2025869009         0.1985978938        
 0.2029281773         0.5950103083        
 0.2032706056         0.0003108359        
 0.2036141914         0.6620878199        
 0.2039589407         0.2286820396        
 0.2043048595         0.3255619869        
 0.2046519536         0.6431977182        
 0.2050002290         0.0117854769        
 0.2053496919         0.7704732016        
 0.2057003482         0.1451632381        
 0.2060522042         0.4322702190        
 0.2064052660         0.5391115692        
 0.2067595397         0.0487622112        
 0.2071150317         0.7399140997        
 0.2074717482         0.0685540402        
 0.2078296956         0.4719174039        
 0.2081888802         0.3789322982        
 0.2085493086         0.1041114302        
 0.2089109870         0.5972795468        
 0.2092739222         0.0653427537        
 0.2096381206         0.4191567519        
 0.2100035888         0.2988801086        
 0.2103703335         0.1538808803        
 0.2107383614         0.4734265280        
 0.2111076792         0.1291114241        
 0.2114782937         0.3284554883        
 0.2118502118         0.3142907894        
 0.2122234404         0.1668930456        
 0.2125979864         0.4411867615        
 0.2129738567         0.1987701043        
 0.2133510585         0.2874657076        
 0.2137295988         0.3530444383        
 0.2141094847         0.1456457032        
 0.2144907235         0.4460732734        
 0.2148733223         0.2046218793        
 0.2152572885         0.3125873728        
 0.2156426294         0.3484734236        
 0.2160293525         0.1445338435        
 0.2164174650         0.4228940528        
 0.2168069746         0.1347637436        
 0.2171978889         0.3605114908        
 0.2175902153         0.2476039862        
 0.2179839617         0.2120032992        
 0.2183791356         0.3438129529        
 0.2187757450         0.0719001955        
 0.2191737976         0.4087640764        
 0.2195733012         0.0833517598        
 0.2199742640         0.3379193353        
 0.2203766938         0.2360568208        
 0.2207805988         0.1059576242        
 0.2211859871         0.4634016082        
 0.2215928668         0.0027464143        
 0.2220012462         0.4735986700        
 0.2224111336         0.1955886732        
 0.2228225373         0.2204339034        
 0.2232354659         0.5228256165        
 0.2236499278         0.0889690253        
 0.2240659315         0.5622319280        
 0.2244834857         0.2932206893        
 0.2249025991         0.3288068042        
 0.2253232803         0.5885853643        
 0.2257455383         0.2442002195        
 0.2261693819         0.5637407880        
 0.2265948201         0.4637326237        
 0.2270218618         0.3404783118        
 0.2274505161         0.6639871651        
 0.2278807923         0.3051226253        
 0.2283126994         0.4933724776        
 0.2287462469         0.5303476574        
 0.2291814441         0.2227548227        
 0.2296183004         0.6553330654        
 0.2300568253         0.1957712556        
 0.2304970284         0.3794354991        
 0.2309389193         0.3812152495        
 0.2313825078         0.0773520152        
 0.2318278037         0.4480482324        
 0.2322748168         0.0299794152        
 0.2327235572         0.2405378883        
 0.2331740347         0.1179903043        
 0.2336262596         0.0776729060        
 0.2340802421         0.1516895086        
 0.2345359923         0.0485971855        
 0.2349935206         0.1820880675        
 0.2354528376         0.0134310489        
 0.2359139536         0.3203371672        
 0.2363768792         0.0270070837        
 0.2368416252         0.3737319453        
 0.2373082023         0.2964488349        
 0.2377766214         0.2658165209        
 0.2382468933         0.7310277189        
 0.2387190290         0.2454533852        
 0.2391930398         0.9186508295        
 0.2396689368         0.5849498247        
 0.2401467312         0.8130676505        
 0.2406264344         1.0988085053        
 0.2411080579         0.7340965993        
 0.2415916133         1.4034393103        
 0.2420771122         1.0114585649        
 0.2425645663         1.3740021299        
 0.2430539874         1.3254388025        
 0.2435453876         1.2066757422        
 0.2440387788         1.5204383592        
 0.2445341731         1.3435252197        
 0.2450315828         1.5512708062        
 0.2455310202         1.3656730720        
 0.2460324977         1.3904585932        
 0.2465360279         1.2573601538        
 0.2470416234         1.3148030733        
 0.2475492968         1.1870534163        
 0.2480590611         1.0910783295        
 0.2485709292         1.1579842728        
 0.2490849142         0.8014582225        
 0.2496010291         0.9762361322        
 0.2501192873         0.6054335438        
 0.2506397022         0.6176016255        
 0.2511622872         0.6423884001        
 0.2516870559         0.3203534448        
 0.2522140221         0.5029339288        
 0.2527431995         0.1592676693        
 0.2532746022         0.2117282222        
 0.2538082442         0.1794208743        
 0.2543441397         0.0274482536        
 0.2548823030         0.1115467689        
 0.2554227484         0.0207985056        
 0.2559654907         0.0083443520        
 0.2565105444         0.0723770997        
 0.2570579243         0.0508186129        
 0.2576076453         0.0475785840        
 0.2581597226         0.2291522958        
 0.2587141713         0.1056879570        
 0.2592710066         0.4028985672        
 0.2598302441         0.3543112193        
 0.2603918993         0.2853910332        
 0.2609559880         0.5545158048        
 0.2615225259         0.4530917877        
 0.2620915292         0.9664308151        
 0.2626630138         0.9071007933        
 0.2632369960         0.6384384036        
 0.2638134924         0.7758846655        
 0.2643925194         0.6912710708        
 0.2649740937         1.2102284433        
 0.2655582322         1.3072409267        
 0.2661449518         0.8619032879        
 0.2667342698         0.9324616079        
 0.2673262034         0.6851835097        
 0.2679207700         1.0388206428        
 0.2685179873         1.2461885652        
 0.2691178731         0.7899384526        
 0.2697204452         0.9921829515        
 0.2703257218         0.5679909244        
 0.2709337211         0.7802276538        
 0.2715444615         0.8950747119        
 0.2721579616         0.5371419324        
 0.2727742401         0.8627374161        
 0.2733933160         0.4072560943        
 0.2740152083         0.5774868604        
 0.2746399363         0.5290878435        
 0.2752675195         0.2836555344        
 0.2758979774         0.5786527912        
 0.2765313299         0.2283534065        
 0.2771675970         0.3595160877        
 0.2778067987         0.2915182743        
 0.2784489556         0.1321499295        
 0.2790940880         0.3311198529        
 0.2797422167         0.1335104749        
 0.2803933627         0.1938159165        
 0.2810475471         0.2104541610        
 0.2817047911         0.1026578984        
 0.2823651164         0.2406395253        
 0.2830285446         0.1489085250        
 0.2836950976         0.1854671566        
 0.2843647976         0.2160770900        
 0.2850376669         0.1717759662        
 0.2857137281         0.2325690778        
 0.2863930039         0.1990063033        
 0.2870755173         0.2598407557        
 0.2877612915         0.1971376631        
 0.2884503500         0.2643463514        
 0.2891427164         0.1923987949        
 0.2898384145         0.2121457664        
 0.2905374685         0.2799619938        
 0.2912399027         0.1158315978        
 0.2919457417         0.2966612645        
 0.2926550103         0.1117364559        
 0.2933677336         0.1701375497        
 0.2940839368         0.2312390395        
 0.2948036456         0.0269403634        
 0.2955268857         0.2496560375        
 0.2962536831         0.0681932778        
 0.2969840642         0.0884790874        
 0.2977180556         0.2140412430        
 0.2984556840         0.0036019700        
 0.2991969767         0.1925507483        
 0.2999419609         0.1686649590        
 0.3006906643         0.0218351948        
 0.3014431148         0.3626669954        
 0.3021993406         0.0866828751        
 0.3029593703         0.2484034405        
 0.3037232325         0.4666028305        
 0.3044909564         0.0714653505        
 0.3052625713         0.7322768493        
 0.3060381068         0.2933809808        
 0.3068175929         0.4963124349        
 0.3076010599         0.8812312751        
 0.3083885384         0.3054083566        
 0.3091800592         1.1526476622        
 0.3099756536         0.5886700657        
 0.3107753530         0.8019781174        
 0.3115791894         1.2051576325        
 0.3123871948         0.6159656547        
 0.3131994019         1.3357267164        
 0.3140158435         0.8747068607        
 0.3148365528         0.9148870613        
 0.3156615633         1.2991496239        
 0.3164909090         0.7763906080        
 0.3173246240         1.1808167206        
 0.3181627431         1.0433655661        
 0.3190053012         0.7476718680        
 0.3198523337         1.2218509122        
 0.3207038762         0.7043934213        
 0.3215599650         0.8350976677        
 0.3224206366         1.0282539007        
 0.3232859277         0.4010775637        
 0.3241558758         1.0402997936        
 0.3250305185         0.4896278236        
 0.3259098939         0.4803101570        
 0.3267940405         0.8539564555        
 0.3276829974         0.0946701975        
 0.3285768037         0.7663406078        
 0.3294754994         0.3440763522        
 0.3303791247         0.2032579811        
 0.3312877201         0.6890428068        
 0.3322013270         0.0407817287        
 0.3331199867         0.5095589322        
 0.3340437414         0.5198814628        
 0.3349726336         0.0471355927        
 0.3359067062         0.8207736810        
 0.3368460027         0.2281606618        
 0.3377905670         0.5007104109        
 0.3387404437         1.0046544787        
 0.3396956775         0.0344839383        
 0.3406563140         1.3746817745        
 0.3416223992         0.4248305525        
 0.3425939795         0.9051521032        
 0.3435711019         1.4785559791        
 0.3445538141         0.1910066112        
 0.3455421640         2.1065034952        
 0.3465362004         0.4630626373        
 0.3475359725         1.6138137346        
 0.3485415301         1.6084863376        
 0.3495529234         0.5580895798        
 0.3505702036         2.5859597357        
 0.3515934221         0.4138756943        
 0.3526226310         2.2700233222        
 0.3536578832         1.3042045133        
 0.3546992320         1.0432691262        
 0.3557467315         2.4700893837        
 0.3568004362         0.4258522366        
 0.3578604015         2.5340648987        
 0.3589266834         0.7789527327        
 0.3599993384         1.4881500114        
 0.3610784240         1.7975137471        
 0.3621639980         0.5791378140        
 0.3632561192         2.2810035683        
 0.3643548470         0.3632702454        
 0.3654602416         1.7545731434        
 0.3665723637         0.9633672648        
 0.3676912751         0.8620228262        
 0.3688170380         1.6482313838        
 0.3699497156         0.2384574091        
 0.3710893718         1.6872153005        
 0.3722360712         0.3540879971        
 0.3733898794         1.0690676488        
 0.3745508627         0.9187634456        
 0.3757190883         0.3027068109        
 0.3768946240         1.2498926257        
 0.3780775388         0.0681953913        
 0.3792679023         0.9506352033        
 0.3804657851         0.3474470474        
 0.3816712586         0.3216191797        
 0.3828843954         0.6514584990        
 0.3841052686         0.0106914701        
 0.3853339525         0.5458603801        
 0.3865705223         0.0748348874        
 0.3878150542         0.1958995651        
 0.3890676253         0.2140749421        
 0.3903283138         0.0321711306        
 0.3915971988         0.1574404859        
 0.3928743606         0.0600649239        
 0.3941598803         0.0338526536        
 0.3954538402         0.0913766612        
 0.3967563239         0.0528598415        
 0.3980674158         0.0355162375        
 0.3993872014         0.1484001723        
 0.4007157677         0.0294164035        
 0.4020532024         0.1800239897        
 0.4033995947         0.1383911353        
 0.4047550348         0.1830775267        
 0.4061196144         0.2514735925        
 0.4074934261         0.2748772162        
 0.4088765639         0.2885341052        
 0.4102691231         0.3904385099        
 0.4116712004         0.3995062609        
 0.4130828936         0.3923366083        
 0.4145043021         0.6246293351        
 0.4159355263         0.3114596068        
 0.4173766685         0.7368608465        
 0.4188278319         0.4620261909        
 0.4202891216         0.5880327780        
 0.4217606438         0.8094584704        
 0.4232425065         0.2916390276        
 0.4247348190         0.9477508732        
 0.4262376923         0.3176316521        
 0.4277512387         0.7353964748        
 0.4292755726         0.6756746736        
 0.4308108095         0.3020680068        
 0.4323570668         0.8619268109        
 0.4339144638         0.1269177109        
 0.4354831211         0.7000318604        
 0.4370631614         0.3359446162        
 0.4386547090         0.3035306224        
 0.4402578901         0.5161923325        
 0.4418728327         0.0395138131        
 0.4434996666         0.4552977841        
 0.4451385238         0.0666212038        
 0.4467895380         0.2163902315        
 0.4484528450         0.1556883623        
 0.4501285826         0.0348785225        
 0.4518168906         0.1451834796        
 0.4535179111         0.0100309106        
 0.4552317881         0.0626363223        
 0.4569586680         0.0423996880        
 0.4586986993         0.0277780214        
 0.4604520328         0.0450786989        
 0.4622188217         0.0879528042        
 0.4639992214         0.0183690118        
 0.4657933898         0.2009706304        
 0.4676014873         0.0117573088        
 0.4694236766         0.2848181043        
 0.4712601233         0.1387961188        
 0.4731109952         0.2500033192        
 0.4749764630         0.4177866482        
 0.4768567001         0.0954645924        
 0.4787518825         0.6767953961        
 0.4806621891         0.1007305163        
 0.4825878018         0.6719273416        
 0.4845289052         0.4519768975        
 0.4864856869         0.3373932639        
 0.4884583378         0.8827377644        
 0.4904470516         0.0717514332        
 0.4924520253         0.9668542326        
 0.4944734592         0.2772276165        
 0.4965115569         0.5635225203        
 0.4985665251         0.7058215830        
 0.5006385742         0.1041022489        
 0.5027279182         0.8325255710        
 0.5048347744         0.0749959016        
 0.5069593640         0.5002458205        
 0.5091019118         0.2975923665        
 0.5112626464         0.1021795294        
 0.5134418003         0.3456526794        
 0.5156396102         0.0028846651        
 0.5178563167         0.1631209173        
 0.5200921644         0.0472624594        
 0.5223474024         0.0352328997        
 0.5246222841         0.0289664865        
 0.5269170671         0.0824081255        
 0.5292320139         0.0132197156        
 0.5315673912         0.1806011724        
 0.5339234709         0.1102218896        
 0.5363005294         0.3106619477        
 0.5386988482         0.2672609799        
 0.5411187137         0.5282502740        
 0.5435604177         0.5236115357        
 0.5460242571         0.6514182915        
 0.5485105343         1.0068892917        
 0.5510195571         0.6034623011        
 0.5535516393         1.6112660497        
 0.5561071000         0.7641715330        
 0.5586862646         1.7070832206        
 0.5612894645         1.4702223008        
 0.5639170372         1.1775525533        
 0.5665693266         2.4434355392        
 0.5692466831         0.8126315333        
 0.5719494637         2.6373513027        
 0.5746780324         1.2483860485        
 0.5774327599         1.7612048213        
 0.5802140243         2.1494396709        
 0.5830222108         0.7570761740        
 0.5858577124         2.4562304557        
 0.5887209293         0.5296436937        
 0.5916122701         1.7659973540        
 0.5945321511         0.8700164630        
 0.5974809970         0.7186873623        
 0.6004592409         1.0961628949        
 0.6034673247         0.1221047711        
 0.6065056990         0.9121946304        
 0.6095748237         0.0000357323        
 0.6126751681         0.6967584429        
 0.6158072108         0.0142610930        
 0.6189714406         0.9147693615        
 0.6221683562         0.0426878034        
 0.6253984665         1.4192680382        
 0.6286622915         0.6564619500        
 0.6319603616         1.6238179844        
 0.6352932187         2.7674314530        
 0.6386614160         1.1333356690        
 0.6420655188         5.8162857227        
 0.6455061041         1.1755315364        
 0.6489837617         7.7561948346        
 0.6524990939         4.6534310590        
 0.6560527163         6.1973956666        
 0.6596452580         11.3944876359       
 0.6632773618         3.3425841730        
 0.6669496849         17.4052536032       
 0.6706628989         6.0743802578        
 0.6744176908         15.4389333614       
 0.6782147627         15.4545143312       
 0.6820548329         7.7188339899        
 0.6859386359         26.3692630873       
 0.6898669230         7.0117857294        
 0.6938404629         25.7783361637       
 0.6978600421         16.4851216509       
 0.7019264653         13.6885010585       
 0.7060405564         30.5781912526       
 0.7102031583         7.5527768817        
 0.7144151342         32.5674876075       
 0.7186773678         14.2102409727       
 0.7229907640         19.1626120912       
 0.7273562496         28.3342445212       
 0.7317747738         8.0476332956        
 0.7362473092         32.6167971754       
 0.7407748522         9.6066698988        
 0.7453584239         21.2505968740       
 0.7499990708         20.5974564433       
 0.7546978656         8.3338285212        
 0.7594559081         25.6955829027       
 0.7642743261         4.9554702890        
 0.7691542759         18.2847637511       
 0.7740969440         10.8964514672       
 0.7791035471         7.4558651593        
 0.7841753340         15.0777699256       
 0.7893135858         2.0336573230        
 0.7945196179         11.6586105433       
 0.7997947801         3.5366292249        
 0.8051404588         5.1235493931        
 0.8105580773         5.7872545085        
 0.8160490977         0.8309546452        
 0.8216150220         4.9169347765        
 0.8272573933         0.3419002956        
 0.8329777975         2.3372127388        
 0.8387778646         1.0085505689        
 0.8446592704         0.4965249860        
 0.8506237380         0.9385252075        
 0.8566730395         0.1950879722        
 0.8628089978         0.4226323636        
 0.8690334883         0.3899829261        
 0.8753484411         0.3988077926        
 0.8817558426         0.2493189641        
 0.8882577380         1.0405274351        
 0.8948562332         0.0430147589        
 0.9015534969         1.5941399568        
 0.9083517636         0.4101366042        
 0.9152533355         1.3962286763        
 0.9222605854         1.4712414268        
 0.9293759591         0.7317024016        
 0.9366019787         2.3798519821        
 0.9439412454         0.5194697895        
 0.9513964423         2.3546787587        
 0.9589703381         1.2131609354        
 0.9666657905         1.3697145375        
 0.9744857495         1.9686180551        
 0.9824332614         0.5586148479        
 0.9905114725         2.0635481936        
 0.9987236338         0.6465302740        
 1.0070731047         1.2508304300        
 1.0155633581         0.9754207036        
 1.0241979850         0.4312165239        
 1.0329806993         1.0085624804        
 1.0419153437         0.2003453388        
 1.0510058949         0.5950271385        
 1.0602564697         0.2197105771        
 1.0696713308         0.1928981731        
 1.0792548941         0.1863483192        
 1.0890117349         0.0349167305        
 1.0989465956         0.0797315727        
 1.1090643931         0.0053685827        
 1.1193702272         0.0303697085        
 1.1298693889         0.0196337779        
 1.1405673698         0.0536743488        
 1.1514698713         0.0674493766        
 1.1625828149         0.1402319031        
 1.1739123530         0.1226718509        
 1.1854648802         0.3037449009        
 1.1972470452         0.1771956217        
 1.2092657637         0.4058818207        
 1.2215282320         0.3065655475        
 1.2340419413         0.3771212492        
 1.2468146929         0.5682264717        
 1.2598546143         0.3246445435        
 1.2731701769         0.6825773401        
 1.2867702139         0.3780179857        
 1.3006639399         0.5405655218        
 1.3148609721         0.5673025146        
 1.3293713520         0.3669409821        
 1.3442055694         0.6338465915        
 1.3593745875         0.3512856194        
 1.3748898702         0.4757231529        
 1.3907634106         0.4337423641        
 1.4070077622         0.2864670697        
 1.4236360721         0.4207515577        
 1.4406621162         0.2585850876        
 1.4581003373         0.2843586625        
 1.4759658861         0.3171491477        
 1.4942746652         0.1535973734        
 1.5130433761         0.3012209713        
 1.5322895700         0.1536419925        
 1.5520317027         0.1943605980        
 1.5722891935         0.2434659642        
 1.5930824890         0.0796226487        
 1.6144331320         0.2968807064        
 1.6363638357         0.0679271970        
 1.6588985646         0.2490237431        
 1.6820626216         0.1819599133        
 1.7058827428         0.1165675646        
 1.7303872009         0.3038632375        
 1.7556059165         0.0313494576        
 1.7815705801         0.3041395575        
 1.8083147855         0.1025486446        
 1.8358741740         0.1702275186        
 1.8642865938         0.2336698387        
 1.8935922723         0.0384911366        
 1.9238340073         0.2632102281        
 1.9550573745         0.0387581793        
 1.9873109575         0.1723349882        
 2.0206465996         0.1330710029        
 2.0551196819         0.0596854221        
 2.0907894304         0.2043188164        
 2.1277192556         0.0238866433        
 2.1659771288         0.1938329908        
 2.2056359992         0.1197385135        
 2.2467742588         0.1129491566        
 2.2894762588         0.3015956179        
 2.3338328877         0.0479614315        
 2.3799422166         0.3943232861        
 2.4279102230         0.1916500490        
 2.4778516043         0.2806926126        
 2.5298906931         0.5719902122        
 2.5841624909         0.1001418042        
 2.6408138376         0.8360288228        
 2.7000047380         0.2734396523        
 2.7619098710         0.6417080252        
 2.8267203117         0.8756046956        
 2.8946455009         0.2024134029        
 2.9659155063         1.3298823026        
 3.0407836259         0.2888288331        
 3.1195293957         1.0706629448        
 3.2024620778         1.0281622209        
 3.2899247192         0.3576293282        
 3.3822988951         1.5687592654        
 3.4800102741         0.2194285058        
 3.5835351767         1.2542119987        
 3.6934083405         0.8502846896        
 3.8102321588         0.4656474478        
 3.9346877299         1.3632971169        
 4.0675481452         0.1513230716        
 4.2096945636         1.0859443887        
 4.3621357776         0.4932730010        
 4.5260321913         0.4370635950        
 4.7027254145         0.8570705498        
 4.8937750698         0.1258342252        
 5.1010049530         0.7066886165        
 5.3265614383         0.2335801991        
 5.5729880972         0.3037750002        
 5.8433220346         0.4065538450        
 6.1412196921         0.1148669957        
 6.4711232010         0.3337004753        
 6.8384833968         0.1211009615        
 7.2500633675         0.1793059701        
 7.7143586387         0.1438264534        
 8.2421898562         0.1242840048        
 8.8475566561         0.1321591670        
 9.5488976482         0.1047695641        
 10.3710012638        0.1548144905        
 11.3479966648        0.0340213370        
 12.5282110180        0.1648984989        
 13.9824095845        0.0502414678        
 15.8185281607        0.1542258819        
 18.2097678719        0.1547348647        
 21.4527100513        0.0033148160        
 26.1009834874        0.1893416910        
 33.3207737711        0.0768467352        
 46.0619705867        0.1885791385        
 74.5797887237        0.1162057184        
 195.8083780000       0.0406855692        
