\PeriodogramType="Lomb-Scargle"
\PeriodRangeMin="0.132304"
\PeriodRangeMax="192.894987"
\PeriodStepMethod="FixedDf"
\FixedStepSize="0.0194169"
\PhaseSmoothingBoxSize="0.060000"
\NumberOfPeaksToReturn="50"
\PeakSignificanceThreshold="1.000000"
\StatNumberOfSamples="390"
\TimeColumn="mjd"
\DataColumn="w1mpro_ep"
\ConstraintColumn="none"
\InputFile="1507p696_ac51-034125.tbl"
\X_AXIS = "PERIOD"
\X_AXIS_UNCERTAINTY = ""
\Y_AXIS = "POWER"
\Y_AXIS_UNCERTAINTY = ""
|PERIOD              | POWER               |
 0.1323040000         0.3261521278        
 0.1326447552         0.2558975007        
 0.1329872702         0.3781993631        
 0.1333315587         0.5358982691        
 0.1336776344         0.1854690248        
 0.1340255114         0.1452381145        
 0.1343752037         0.5454356883        
 0.1347267255         1.3024122906        
 0.1350800913         0.1502069027        
 0.1354353157         0.2128990754        
 0.1357924132         1.0492815638        
 0.1361513989         0.8123281626        
 0.1365122876         0.0615599550        
 0.1368750945         0.6466433630        
 0.1372398351         1.5116989294        
 0.1376065248         0.4737971036        
 0.1379751792         0.0750722109        
 0.1383458142         1.2535631957        
 0.1387184458         1.3744615597        
 0.1390930902         0.1883727835        
 0.1394697637         0.3978551329        
 0.1398484828         1.6732757192        
 0.1402292643         1.0465034532        
 0.1406121251         0.0087001296        
 0.1409970822         0.8506249380        
 0.1413841529         1.7442014794        
 0.1417733547         0.5835380928        
 0.1421647051         0.0654653648        
 0.1425582221         1.2019754481        
 0.1429539237         1.4693967179        
 0.1433518282         0.2175173871        
 0.1437519539         0.2576006719        
 0.1441543195         1.3182742459        
 0.1445589439         1.0462660490        
 0.1449658461         0.0530918353        
 0.1453750455         0.4351589864        
 0.1457865616         1.2397277066        
 0.1462004141         0.7246615337        
 0.1466166229         0.0323634038        
 0.1470352082         0.5474973106        
 0.1474561905         1.1472210701        
 0.1478795903         0.5649349725        
 0.1483054286         0.0614723899        
 0.1487337265         0.6728750769        
 0.1491645054         1.1535134108        
 0.1495977869         0.5386664878        
 0.1500335928         0.0937598539        
 0.1504719453         0.8865989813        
 0.1509128668         1.2994847765        
 0.1513563799         0.5092935040        
 0.1518025075         0.1898753937        
 0.1522512728         1.2343940719        
 0.1527026994         1.5405354387        
 0.1531568109         0.3200131696        
 0.1536136313         0.4799779179        
 0.1540731850         1.7604193334        
 0.1545354965         1.6160317451        
 0.1550005909         0.0637392336        
 0.1554684932         1.0653653722        
 0.1559392290         2.3536391142        
 0.1564128241         1.1935397013        
 0.1568893046         0.0972639300        
 0.1573686970         1.9720467604        
 0.1578510280         2.5411359710        
 0.1583363248         0.4556702382        
 0.1588246148         0.6506908490        
 0.1593159257         2.8804574653        
 0.1598102858         1.9018796354        
 0.1603077234         0.0277200678        
 0.1608082674         1.6759899195        
 0.1613119470         2.9857217859        
 0.1618187917         0.9246718552        
 0.1623288315         0.2246285987        
 0.1628420967         2.5139560262        
 0.1633586179         2.2308613402        
 0.1638784263         0.2096627404        
 0.1644015533         0.9455294103        
 0.1649280308         2.5037516004        
 0.1654578912         1.2217818534        
 0.1659911670         0.0909908029        
 0.1665278915         1.5380305589        
 0.1670680982         1.8730512666        
 0.1676118211         0.4010024018        
 0.1681590946         0.5284995645        
 0.1687099537         1.5768911597        
 0.1692644336         0.9911141672        
 0.1698225703         0.1802133374        
 0.1703844000         0.9588455931        
 0.1709499595         1.0584691171        
 0.1715192860         0.3662804989        
 0.1720924173         0.4556097752        
 0.1726693917         0.8765456351        
 0.1732502480         0.4065814000        
 0.1738350254         0.3211475033        
 0.1744237638         0.6250345667        
 0.1750165036         0.3718388543        
 0.1756132858         0.1782707096        
 0.1762141517         0.5225411139        
 0.1768191436         0.3907960525        
 0.1774283039         0.0304294013        
 0.1780416760         0.3654497430        
 0.1786593037         0.5015990885        
 0.1792812314         0.0965279131        
 0.1799075042         0.1232352987        
 0.1805381678         0.4872593682        
 0.1811732685         0.3191999006        
 0.1818128533         0.0876109133        
 0.1824569699         0.3226938256        
 0.1831056666         0.3876932006        
 0.1837589924         0.2566828526        
 0.1844169971         0.2792293305        
 0.1850797311         0.2763768660        
 0.1857472456         0.3282172536        
 0.1864195925         0.3878992829        
 0.1870968244         0.2787621850        
 0.1877789948         0.1915884293        
 0.1884661579         0.4660105243        
 0.1891583687         0.4361356446        
 0.1898556831         0.0871098267        
 0.1905581576         0.3730487312        
 0.1912658498         0.5942340559        
 0.1919788181         0.2122816424        
 0.1926971216         0.1247222871        
 0.1934208205         0.6325544985        
 0.1941499757         0.4430271913        
 0.1948846493         0.0052528040        
 0.1956249041         0.4476419903        
 0.1963708039         0.6275140097        
 0.1971224136         0.1056573561        
 0.1978797990         0.1810290882        
 0.1986430269         0.6367276675        
 0.1994121651         0.3260675492        
 0.2001872827         0.0243197988        
 0.2009684495         0.5157091022        
 0.2017557368         0.5489278840        
 0.2025492167         0.0472653178        
 0.2033489625         0.3050356936        
 0.2041550487         0.6971766199        
 0.2049675512         0.3228616691        
 0.2057865467         0.1056525040        
 0.2066121135         0.6089118857        
 0.2074443309         0.7098713630        
 0.2082832797         0.2352714920        
 0.2091290417         0.3143797760        
 0.2099817004         0.7882253998        
 0.2108413405         0.7456332587        
 0.2117080481         0.2172035741        
 0.2125819106         0.4855180589        
 0.2134630171         1.0720789240        
 0.2143514580         0.6433772697        
 0.2152473252         0.1896171686        
 0.2161507123         0.8621905645        
 0.2170617143         1.2923551629        
 0.2179804280         0.3279297081        
 0.2189069516         0.3296428181        
 0.2198413852         1.5523173844        
 0.2207838306         0.9432079402        
 0.2217343911         0.0622681772        
 0.2226931720         1.0438500252        
 0.2236602806         1.6628714015        
 0.2246358256         0.3714179641        
 0.2256199181         0.2424229905        
 0.2266126707         1.7511883998        
 0.2276141985         1.0368931040        
 0.2286246182         0.0049905360        
 0.2296440487         0.8959472590        
 0.2306726111         1.5465905264        
 0.2317104288         0.3034680403        
 0.2327576272         0.2295874596        
 0.2338143339         1.2407073761        
 0.2348806793         0.7863705867        
 0.2359567956         0.0128353008        
 0.2370428179         0.6808920543        
 0.2381388835         0.9336509613        
 0.2392451325         0.1470196900        
 0.2403617073         0.2284619432        
 0.2414887533         0.8250482940        
 0.2426264184         0.3235802227        
 0.2437748535         0.0175944809        
 0.2449342121         0.5005892804        
 0.2461046509         0.4407789036        
 0.2472863295         0.0172339310        
 0.2484794106         0.1423599689        
 0.2496840600         0.4311080618        
 0.2509004468         0.0649411245        
 0.2521287434         0.0324840301        
 0.2533691255         0.1797407194        
 0.2546217724         0.0942897268        
 0.2558868670         0.0227811278        
 0.2571645956         0.0847199011        
 0.2584551485         0.0492334605        
 0.2597587197         0.0125119308        
 0.2610755073         0.0919682363        
 0.2624057131         0.0589912856        
 0.2637495435         0.0016685233        
 0.2651072087         0.0735612436        
 0.2664789236         0.1278635775        
 0.2678649073         0.0639371640        
 0.2692653837         0.0373786548        
 0.2706805813         0.1331210996        
 0.2721107334         0.2071671050        
 0.2735560782         0.0685379388        
 0.2750168593         0.0854602954        
 0.2764933252         0.2237618022        
 0.2779857298         0.3056760230        
 0.2794943328         0.0315222557        
 0.2810193992         0.1487378821        
 0.2825612000         0.3852645967        
 0.2841200122         0.1895233714        
 0.2856961189         0.0439556236        
 0.2872898095         0.2888934533        
 0.2889013799         0.3942453544        
 0.2905311327         0.0190624988        
 0.2921793774         0.1535643929        
 0.2938464304         0.3857707601        
 0.2955326157         0.1653328642        
 0.2972382643         0.0264062487        
 0.2989637154         0.2934791956        
 0.3007093157         0.2907135573        
 0.3024754203         0.0463861333        
 0.3042623925         0.1468870116        
 0.3060706045         0.3170571373        
 0.3079004372         0.2321224976        
 0.3097522806         0.0806270639        
 0.3116265343         0.2119913472        
 0.3135236077         0.4201268391        
 0.3154439200         0.2473109555        
 0.3173879008         0.1292043020        
 0.3193559904         0.3723204080        
 0.3213486402         0.6497214921        
 0.3233663128         0.2342368052        
 0.3254094824         0.2129079376        
 0.3274786355         0.9737663686        
 0.3295742708         0.6905201469        
 0.3316969002         0.1739015036        
 0.3338470484         0.9412215234        
 0.3360252541         1.4905779254        
 0.3382320703         0.6239893522        
 0.3404680641         0.4940849691        
 0.3427338183         2.1373542432        
 0.3450299309         1.7512824696        
 0.3473570161         0.4150495945        
 0.3497157050         1.7803003130        
 0.3521066457         3.0251840220        
 0.3545305042         1.4746756890        
 0.3569879652         0.8742809031        
 0.3594797322         3.2845617462        
 0.3620065287         3.2297208813        
 0.3645690985         0.9539266875        
 0.3671682067         2.2401125186        
 0.3698046405         4.2378401519        
 0.3724792097         2.5073513787        
 0.3751927478         1.1739315901        
 0.3779461126         3.8386195007        
 0.3807401875         4.0751327796        
 0.3835758821         1.7534126833        
 0.3864541333         2.3251585438        
 0.3893759064         4.6028585854        
 0.3923421959         3.4055322991        
 0.3953540271         1.4894585625        
 0.3984124570         3.7704774742        
 0.4015185753         4.3329234171        
 0.4046735062         2.6590390843        
 0.4078784096         2.0604848425        
 0.4111344821         4.1802106009        
 0.4144429590         3.8750345491        
 0.4178051158         1.8824821011        
 0.4212222696         2.8326877814        
 0.4246957809         3.7223588624        
 0.4282270555         3.0257739624        
 0.4318175465         1.6395739575        
 0.4354687558         2.7981531060        
 0.4391822368         3.0181235041        
 0.4429595964         1.9980416862        
 0.4468024970         1.6051903603        
 0.4507126594         2.1426841380        
 0.4546918650         2.1860960496        
 0.4587419590         1.3361282156        
 0.4628648524         1.3036880222        
 0.4670625261         1.4261823911        
 0.4713370331         1.4892229443        
 0.4756905024         0.9984172786        
 0.4801251425         0.7733700407        
 0.4846432448         0.9715362657        
 0.4892471879         1.1007533059        
 0.4939394416         0.7307929635        
 0.4987225715         0.3545537259        
 0.5035992434         0.7880331623        
 0.5085722285         1.0111343853        
 0.5136444084         0.4681950278        
 0.5188187810         0.1870333939        
 0.5240984662         0.8810487604        
 0.5294867120         1.0793071027        
 0.5349869016         0.2519651552        
 0.5406025601         0.2617413614        
 0.5463373623         1.2602183212        
 0.5521951406         1.1268785492        
 0.5581798933         0.0667473286        
 0.5642957943         0.6565601322        
 0.5705472023         1.7704753935        
 0.5769386711         0.9296131164        
 0.5834749612         0.0137138353        
 0.5901610511         1.4317616685        
 0.5970021503         1.9953634965        
 0.6040037124         0.4706405272        
 0.6111714502         0.3802317564        
 0.6185113508         2.2044846248        
 0.6260296924         1.6771287569        
 0.6337330621         0.0482051125        
 0.6416283755         1.2065174194        
 0.6497228970         2.4345548023        
 0.6580242622         0.9231178707        
 0.6665405023         0.1448604118        
 0.6752800694         1.9022967316        
 0.6842518650         1.9970662814        
 0.6934652697         0.1786489889        
 0.7029301767         0.7128541474        
 0.7126570264         2.0237977989        
 0.7226568453         1.0494162205        
 0.7329412878         0.0240109116        
 0.7435226810         1.1646882541        
 0.7544140745         1.4894754075        
 0.7656292938         0.2446673130        
 0.7771829989         0.2832466265        
 0.7890907483         1.1487055793        
 0.8013690690         0.6862644241        
 0.8140355327         0.0069825219        
 0.8271088401         0.4709552245        
 0.8406089125         0.7557968034        
 0.8545569937         0.2533119541        
 0.8689757613         0.0181887134        
 0.8838894494         0.4493106473        
 0.8993239852         0.5317005562        
 0.9153071387         0.1048161972        
 0.9318686901         0.1074445363        
 0.9490406143         0.5612909565        
 0.9668572877         0.4772131470        
 0.9853557173         0.1090442112        
 1.0045757976         0.4994505283        
 1.0245605976         0.8564666955        
 1.0453566831         0.3210276380        
 1.0670144791         0.5708973129        
 1.0895886776         1.2203873238        
 1.1131386991         0.8307612223        
 1.1377292148         0.4694304294        
 1.1634307396         1.6037729237        
 1.1903203075         1.6937136003        
 1.2184822426         0.5460085872        
 1.2480090425         1.4025861719        
 1.2790023935         2.7373122600        
 1.3115743401         1.2947838854        
 1.3458486387         0.9318916487        
 1.3819623291         2.8611776286        
 1.4200675653         3.0191047592        
 1.4603337590         0.6397621497        
 1.5029500973         2.3326126444        
 1.5481285149         4.0310457337        
 1.5961072195         1.8289661144        
 1.6471548922         1.1300985467        
 1.7015757229         4.0519410112        
 1.7597154755         3.6457992609        
 1.8219688424         0.6405290301        
 1.8887884163         2.8155348858        
 1.9606957118         4.7432552575        
 2.0382948042         1.8821489820        
 2.1222893402         0.8906344189        
 2.2135039357         4.3981446010        
 2.3129113389         3.6365262962        
 2.4216672573         0.4829037592        
 2.5411554950         2.3093653717        
 2.6730471460         4.3805758439        
 2.8193792309         1.8256574509        
 2.9826606579         0.5345957246        
 3.1660172676         3.1846211444        
 3.3733938807         3.2750163067        
 3.6098413171         0.3111500257        
 3.8819332192         1.5546991313        
 4.1983867519         2.8974404387        
 4.5710138416         2.0606114400        
 5.0162283181         0.3725287908        
 5.5575288678         2.0358108439        
 6.2297840609         2.2592155319        
 7.0870553145         0.3187842418        
 8.2179095370         1.1519812891        
 9.7781754778         1.7518406738        
 12.0697601714        1.9229690913        
 15.7642158271        0.7724099304        
 22.7180162783        1.3707964926        
 40.6486750616        1.3798745430        
 192.8949870000       1.8431129483        
