\fixlen = T
\RowsRetrieved= 390
\PeriodogramType= 'Lomb-Scargle'
\PeriodRangeMin= '0.132304'
\PeriodRangeMax= '192.894987'
\PeriodStepMethod= 'FixedDf'
\FixedStepSize= '0.0194169'
\PhaseSmoothingBoxSize= '0.060000'
\NumberOfPeaksToReturn= '50'
\PeakSignificanceThreshold= '1.000000'
\StatNumberOfSamples= '390'
\TimeColumn= 'mjd'
\DataColumn= 'w1mpro_ep'
\ConstraintColumn= 'none'
\InputFile= '1507p696_ac51-034125.tbl'
\X_AXIS  = 'PERIOD'
\Y_AXIS  = 'POWER'
|                  PERIOD|                   POWER|
|                  double|                  double|
|                        |                        |
|                    null|                    null|
                 0.132304      0.32615212780000002 
      0.13264475519999999             0.2558975007 
      0.13298727020000001      0.37819936310000002 
      0.13333155869999999      0.53589826910000005 
      0.13367763439999999      0.18546902479999999 
      0.13402551139999999      0.14523811449999999 
             0.1343752037             0.5454356883 
      0.13472672550000001             1.3024122906 
      0.13508009130000001      0.15020690270000001 
             0.1354353157             0.2128990754 
      0.13579241319999999       1.0492815637999999 
             0.1361513989      0.81232816259999996 
             0.1365122876              0.061559955 
      0.13687509449999999      0.64664336300000003 
      0.13723983510000001       1.5116989294000001 
      0.13760652479999999      0.47379710359999999 
      0.13797517919999999     0.075072210900000005 
             0.1383458142             1.2535631957 
      0.13871844580000001       1.3744615597000001 
      0.13909309019999999             0.1883727835 
             0.1394697637      0.39785513290000002 
      0.13984848280000001       1.6732757192000001 
      0.14022926429999999       1.0465034531999999 
      0.14061212510000001    0.0087001296000000002 
      0.14099708220000001      0.85062493800000005 
             0.1413841529             1.7442014794 
      0.14177335469999999      0.58353809280000002 
      0.14216470510000001     0.065465364799999995 
      0.14255822209999999             1.2019754481 
      0.14295392370000001             1.4693967179 
             0.1433518282      0.21751738709999999 
      0.14375195390000001      0.25760067190000002 
      0.14415431949999999       1.3182742459000001 
      0.14455894389999999              1.046266049 
      0.14496584609999999     0.053091835300000001 
      0.14537504549999999             0.4351589864 
             0.1457865616       1.2397277066000001 
      0.14620041410000001      0.72466153369999997 
      0.14661662289999999     0.032363403800000003 
      0.14703520819999999      0.54749731059999995 
             0.1474561905       1.1472210701000001 
             0.1478795903      0.56493497250000002 
      0.14830542860000001             0.0614723899 
             0.1487337265      0.67287507690000004 
      0.14916450540000001             1.1535134108 
             0.1495977869      0.53866648780000004 
             0.1500335928     0.093759853899999995 
      0.15047194529999999      0.88659898130000003 
      0.15091286679999999       1.2994847764999999 
             0.1513563799      0.50929350399999995 
      0.15180250749999999      0.18987539370000001 
             0.1522512728       1.2343940718999999 
             0.1527026994       1.5405354387000001 
             0.1531568109      0.32001316959999998 
             0.1536136313             0.4799779179 
              0.154073185             1.7604193334 
      0.15453549650000001       1.6160317450999999 
      0.15500059090000001             0.0637392336 
             0.1554684932             1.0653653722 
      0.15593922900000001       2.3536391141999999 
      0.15641282409999999             1.1935397013 
             0.1568893046     0.097263929999999998 
              0.157368697             1.9720467604 
              0.157851028       2.5411359710000001 
      0.15833632480000001      0.45567023820000002 
      0.15882461480000001      0.65069084899999996 
             0.1593159257       2.8804574653000001 
      0.15981028580000001             1.9018796354 
      0.16030772339999999     0.027720067800000001 
      0.16080826740000001       1.6759899195000001 
      0.16131194700000001             2.9857217859 
      0.16181879169999999      0.92467185519999995 
      0.16232883149999999      0.22462859869999999 
      0.16284209669999999       2.5139560261999998 
             0.1633586179       2.2308613402000002 
      0.16387842629999999      0.20966274039999999 
             0.1644015533      0.94552941030000004 
      0.16492803079999999       2.5037516004000002 
      0.16545789120000001             1.2217818534 
              0.165991167     0.090990802900000001 
             0.1665278915       1.5380305589000001 
      0.16706809819999999       1.8730512666000001 
             0.1676118211      0.40100240180000002 
             0.1681590946      0.52849956450000002 
             0.1687099537       1.5768911596999999 
      0.16926443360000001      0.99111416720000001 
             0.1698225703      0.18021333740000001 
      0.17038439999999999      0.95884559309999995 
             0.1709499595             1.0584691171 
      0.17151928599999999      0.36628049889999997 
      0.17209241729999999      0.45560977520000001 
      0.17266939170000001      0.87654563510000005 
              0.173250248      0.40658139999999998 
      0.17383502540000001      0.32114750330000003 
      0.17442376379999999      0.62503456670000002 
      0.17501650360000001      0.37183885430000002 
      0.17561328579999999      0.17827070959999999 
      0.17621415169999999      0.52254111390000002 
      0.17681914360000001      0.39079605249999999 
             0.1774283039     0.030429401299999999 
      0.17804167600000001      0.36544974299999999 
      0.17865930369999999      0.50159908850000001 
      0.17928123139999999     0.096527913100000001 
      0.17990750420000001             0.1232352987 
      0.18053816780000001      0.48725936819999999 
      0.18117326850000001      0.31919990059999998 
      0.18181285329999999     0.087610913299999996 
      0.18245696989999999      0.32269382559999998 
      0.18310566659999999      0.38769320060000001 
      0.18375899239999999      0.25668285260000001 
      0.18441699710000001      0.27922933049999998 
      0.18507973110000001              0.276376866 
             0.1857472456      0.32821725359999998 
      0.18641959250000001      0.38789928289999998 
             0.1870968244              0.278762185 
      0.18777899479999999             0.1915884293 
      0.18846615789999999      0.46601052430000001 
             0.1891583687      0.43613564459999998 
      0.18985568310000001     0.087109826700000004 
             0.1905581576      0.37304873119999998 
             0.1912658498             0.5942340559 
             0.1919788181             0.2122816424 
      0.19269712159999999             0.1247222871 
      0.19342082050000001      0.63255449850000001 
             0.1941499757      0.44302719130000001 
      0.19488464929999999    0.0052528039999999998 
             0.1956249041      0.44764199030000001 
             0.1963708039      0.62751400970000004 
      0.19712241359999999             0.1056573561 
              0.197879799      0.18102908819999999 
      0.19864302689999999      0.63672766749999998 
      0.19941216510000001      0.32606754919999997 
             0.2001872827             0.0243197988 
      0.20096844950000001      0.51570910219999999 
             0.2017557368      0.54892788400000003 
      0.20254921670000001     0.047265317799999998 
      0.20334896250000001      0.30503569359999999 
      0.20415504870000001      0.69717661990000002 
      0.20496755119999999      0.32286166910000003 
      0.20578654669999999      0.10565250399999999 
             0.2066121135      0.60891188569999999 
             0.2074443309      0.70987136299999998 
      0.20828327969999999              0.235271492 
      0.20912904169999999              0.314379776 
             0.2099817004      0.78822539979999995 
             0.2108413405      0.74563325869999997 
      0.21170804809999999      0.21720357409999999 
      0.21258191060000001      0.48551805889999999 
      0.21346301710000001       1.0720789239999999 
      0.21435145799999999      0.64337726969999998 
      0.21524732520000001             0.1896171686 
      0.21615071229999999      0.86219056449999998 
      0.21706171430000001       1.2923551629000001 
              0.217980428      0.32792970809999999 
      0.21890695160000001      0.32964281810000001 
      0.21984138519999999             1.5523173844 
      0.22078383060000001      0.94320794019999998 
      0.22173439110000001     0.062268177199999997 
      0.22269317199999999             1.0438500252 
      0.22366028060000001       1.6628714014999999 
      0.22463582560000001             0.3714179641 
      0.22561991810000001      0.24242299049999999 
      0.22661267069999999             1.7511883998 
             0.2276141985              1.036893104 
      0.22862461819999999    0.0049905360000000003 
      0.22964404869999999      0.89594725900000005 
      0.23067261110000001       1.5465905263999999 
      0.23171042880000001      0.30346804030000002 
      0.23275762720000001      0.22958745959999999 
             0.2338143339             1.2407073761 
      0.23488067930000001      0.78637058670000004 
      0.23595679559999999     0.012835300799999999 
      0.23704281790000001      0.68089205429999999 
      0.23813888350000001      0.93365096130000003 
      0.23924513250000001      0.14701969000000001 
             0.2403617073      0.22846194319999999 
             0.2414887533      0.82504829400000002 
      0.24262641839999999      0.32358022269999998 
             0.2437748535     0.017594480900000001 
      0.24493421209999999      0.50058928039999995 
             0.2461046509      0.44077890359999999 
      0.24728632950000001     0.017233931000000001 
      0.24847941060000001      0.14235996889999999 
      0.24968406000000001             0.4311080618 
      0.25090044680000001     0.064941124500000003 
      0.25212874340000002     0.032484030099999998 
      0.25336912550000001             0.1797407194 
             0.2546217724     0.094289726800000001 
      0.25588686700000002     0.022781127799999999 
      0.25716459559999999     0.084719901099999995 
      0.25845514850000001     0.049233460499999999 
      0.25975871969999997             0.0125119308 
      0.26107550730000001     0.091968236300000006 
      0.26240571309999999     0.058991285599999999 
      0.26374954350000002             0.0016685233 
      0.26510720869999999     0.073561243600000006 
      0.26647892359999997      0.12786357749999999 
      0.26786490730000001     0.063937164000000005 
      0.26926538370000003     0.037378654800000001 
             0.2706805813      0.13312109959999999 
      0.27211073340000003      0.20716710499999999 
             0.2735560782     0.068537938800000003 
      0.27501685930000003     0.085460295399999997 
      0.27649332519999997             0.2237618022 
      0.27798572980000003      0.30567602300000002 
      0.27949433280000002     0.031522255700000001 
      0.28101939920000002             0.1487378821 
      0.28256120000000001      0.38526459670000002 
      0.28412001219999999             0.1895233714 
      0.28569611890000002             0.0439556236 
      0.28728980949999999      0.28889345329999999 
      0.28890137989999998      0.39424535440000003 
      0.29053113270000003     0.019062498800000001 
             0.2921793774      0.15356439290000001 
      0.29384643040000002             0.3857707601 
             0.2955326157      0.16533286420000001 
             0.2972382643     0.026406248699999999 
             0.2989637154      0.29347919560000002 
      0.30070931569999998      0.29071355729999998 
      0.30247542030000002             0.0463861333 
      0.30426239249999998      0.14688701160000001 
      0.30607060450000001      0.31705713730000001 
      0.30790043719999999      0.23212249760000001 
      0.30975228059999999     0.080627063900000004 
      0.31162653429999998      0.21199134720000001 
      0.31352360769999998      0.42012683909999998 
      0.31544391999999999      0.24731095550000001 
      0.31738790080000001      0.12920430199999999 
      0.31935599040000001      0.37232040799999999 
      0.32134864019999998      0.64972149209999996 
             0.3233663128      0.23423680520000001 
      0.32540948240000001      0.21290793760000001 
             0.3274786355      0.97376636859999999 
      0.32957427080000001      0.69052014689999996 
      0.33169690019999998      0.17390150360000001 
      0.33384704840000001      0.94122152339999998 
             0.3360252541             1.4905779254 
      0.33823207030000002      0.62398935219999996 
      0.34046806410000002      0.49408496909999999 
      0.34273381829999999       2.1373542431999999 
             0.3450299309             1.7512824696 
      0.34735701610000003      0.41504959450000001 
      0.34971570499999999       1.7803003129999999 
             0.3521066457       3.0251840219999999 
      0.35453050419999999       1.4746756889999999 
      0.35698796519999998      0.87428090309999995 
      0.35947973220000001       3.2845617462000001 
             0.3620065287             3.2297208813 
      0.36456909850000002      0.95392668749999998 
             0.3671682067       2.2401125186000002 
             0.3698046405       4.2378401519000004 
      0.37247920969999998       2.5073513787000001 
             0.3751927478             1.1739315901 
      0.37794611259999999       3.8386195007000001 
      0.38074018749999999       4.0751327795999996 
      0.38357588209999999       1.7534126833000001 
             0.3864541333       2.3251585438000002 
      0.38937590640000003       4.6028585853999999 
      0.39234219590000002       3.4055322990999999 
      0.39535402710000001       1.4894585625000001 
              0.398412457       3.7704774741999998 
      0.40151857530000001             4.3329234171 
      0.40467350619999998       2.6590390842999998 
      0.40787840959999999       2.0604848425000002 
      0.41113448209999998       4.1802106008999997 
              0.414442959             3.8750345491 
      0.41780511580000002       1.8824821010999999 
      0.42122226959999998       2.8326877814000002 
      0.42469578089999999       3.7223588624000001 
      0.42822705550000001       3.0257739624000002 
      0.43181754649999998       1.6395739574999999 
             0.4354687558              2.798153106 
      0.43918223680000001       3.0181235041000001 
      0.44295959639999999       1.9980416862000001 
      0.44680249700000002             1.6051903603 
      0.45071265939999999       2.1426841379999999 
      0.45469186499999997       2.1860960496000001 
      0.45874195899999998       1.3361282156000001 
      0.46286485240000003             1.3036880222 
      0.46706252609999999             1.4261823911 
      0.47133703310000002             1.4892229443 
      0.47569050239999999      0.99841727859999996 
      0.48012514249999999      0.77337004070000004 
      0.48464324479999998      0.97153626569999996 
      0.48924718789999999       1.1007533059000001 
      0.49393944159999997             0.7307929635 
      0.49872257149999999      0.35455372590000001 
      0.50359924339999995      0.78803316229999998 
      0.50857222849999995       1.0111343853000001 
      0.51364440840000003             0.4681950278 
      0.51881878100000001      0.18703339390000001 
             0.5240984662      0.88104876040000002 
      0.52948671199999997       1.0793071027000001 
      0.53498690159999995      0.25196515520000001 
      0.54060256009999996      0.26174136139999998 
      0.54633736229999996             1.2602183212 
      0.55219514059999997             1.1268785492 
      0.55817989329999995     0.066747328600000003 
      0.56429579429999999      0.65656013219999998 
             0.5705472023       1.7704753934999999 
      0.57693867109999997      0.92961311639999999 
      0.58347496119999998     0.013713835299999999 
      0.59016105109999994       1.4317616685000001 
      0.59700215030000003             1.9953634965 
      0.60400371239999995      0.47064052719999999 
      0.61117145019999997      0.38023175640000001 
      0.61851135079999997       2.2044846248000001 
      0.62602969239999995             1.6771287569 
      0.63373306210000002     0.048205112500000001 
      0.64162837549999996       1.2065174193999999 
      0.64972289699999997       2.4345548023000001 
      0.65802426219999999      0.92311787069999995 
      0.66654050229999995      0.14486041180000001 
      0.67528006939999996       1.9022967315999999 
      0.68425186500000001             1.9970662814 
             0.6934652697             0.1786489889 
      0.70293017670000002      0.71285414739999997 
      0.71265702639999995             2.0237977989 
      0.72265684529999996       1.0494162204999999 
      0.73294128780000001             0.0240109116 
      0.74352268099999996       1.1646882541000001 
      0.75441407449999998       1.4894754075000001 
             0.7656292938              0.244667313 
      0.77718299889999998      0.28324662649999999 
      0.78909074830000003       1.1487055793000001 
      0.80136906900000004      0.68626442409999999 
      0.81403553269999995    0.0069825219000000001 
      0.82710884009999996      0.47095522449999999 
      0.84060891250000003      0.75579680339999999 
      0.85455699370000004      0.25331195410000001 
      0.86897576129999998     0.018188713400000001 
      0.88388944940000003      0.44931064729999998 
      0.89932398520000001      0.53170055620000001 
      0.91530713870000002             0.1048161972 
      0.93186869009999995             0.1074445363 
      0.94904061429999997      0.56129095650000005 
      0.96685728770000001              0.477213147 
      0.98535571730000004             0.1090442112 
             1.0045757976      0.49945052829999997 
       1.0245605976000001      0.85646669549999999 
       1.0453566831000001              0.321027638 
             1.0670144791      0.57089731290000001 
       1.0895886776000001             1.2203873238 
       1.1131386991000001      0.83076122230000005 
             1.1377292148      0.46943042940000002 
       1.1634307396000001             1.6037729237 
             1.1903203075             1.6937136003 
       1.2184822425999999      0.54600858720000001 
       1.2480090425000001       1.4025861718999999 
       1.2790023934999999       2.7373122599999999 
             1.3115743401             1.2947838854 
       1.3458486386999999      0.93189164869999996 
       1.3819623291000001       2.8611776286000001 
       1.4200675652999999       3.0191047592000002 
       1.4603337590000001             0.6397621497 
       1.5029500973000001       2.3326126444000002 
       1.5481285148999999       4.0310457337000001 
       1.5961072194999999             1.8289661144 
       1.6471548922000001             1.1300985467 
       1.7015757228999999       4.0519410112000003 
             1.7597154755       3.6457992609000001 
             1.8219688424      0.64052903009999995 
       1.8887884162999999             2.8155348858 
       1.9606957117999999       4.7432552575000004 
             2.0382948042       1.8821489819999999 
             2.1222893402      0.89063441889999995 
       2.2135039356999999       4.3981446010000003 
       2.3129113388999998             3.6365262962 
       2.4216672573000002             0.4829037592 
       2.5411554949999999       2.3093653716999998 
              2.673047146             4.3805758439 
       2.8193792309000001       1.8256574509000001 
       2.9826606578999999      0.53459572460000004 
             3.1660172676       3.1846211443999999 
       3.3733938807000001             3.2750163067 
       3.6098413170999999             0.3111500257 
             3.8819332192             1.5546991313 
       4.1983867519000002       2.8974404386999999 
       4.5710138416000001       2.0606114400000002 
       5.0162283180999996      0.37252879080000001 
       5.5575288678000003       2.0358108439000002 
       6.2297840609000001       2.2592155318999998 
       7.0870553144999997      0.31878424179999998 
       8.2179095370000006       1.1519812891000001 
       9.7781754777999996       1.7518406738000001 
            12.0697601714       1.9229690912999999 
       15.764215827099999      0.77240993040000006 
       22.718016278299999             1.3707964926 
       40.648675061600002       1.3798745429999999 
       192.89498699999999       1.8431129482999999 
